# list of object assets to load in this scene
[ASSETS]
mario.txt
coin.txt
cloud.txt
brick.txt
platform.txt
leaf.txt
mushroom.txt
questionbrick.txt
plain.txt
firebullet.txt
Koopa.txt
goomba.txt
#
[OBJECTS]
# type	x	y	extra_settings per object type
# type: 0 = Mario , 1 = Brick, 2 = Goomba
# See OBJECT_TYPE constants in AssetIDs.h




#7	140	140	16	16	26	51000	52000	53000

7	60	157	42	0	3	67000	68000	69000

7	190	180	5	0	3	67001	67002	67003
7	206	180	5	0	3	67001	67002	67003
7	221	180	5	0	3	67001	67002	67003

#small cloud
7	150	60	16	0	3	51100	51200	51300
7	400	50	10	0	3	51101	51201	51301

7	755	162	5	0	3	67001	67002	67003
7	771	162	5	0	3	67001	67002	67003
7	787	162	5	0	3	67001	67002	67003
7	803	162	5	0	3	67001	67002	67003
7	819	162	5	0	3	67001	67002	67003
7	835	162	5	0	3	67001	67002	67003

7	930	138	63	0	3	67004	67005	67006

7	1140	162	5	0	3	67001	67002	67003
7	1156	162	5	0	3	67001	67002	67003
7	1310	180	5	0	3	67001	67002	67003
7	1326	180	5	0	3	67001	67002	67003
7	1342	180	5	0	3	67001	67002	67003

6	1420	173	37	30	3	68104	68204	68304

6	310	150	16	80	3	68101	68201	68301

6	280	165	16	48	3	68100	68200	68300


6	585	120	21	80	3	68010	68011	68012

6	540	150	21	80	3	68110	68120	68130

6	592	173	32	30	3	68103	68203	68303

6	480	165	26	48	3	68102	68202	68302




# MARIO
0	120	10
#Koopas
3	650	100	2
2	200	150	0

#goomba
2	260	150	1
2	839	100	0
2	1220	100	0
2	1200	100	0
2	1000	100	1
#BRICK
#1	200	100

#questionbrick
9	166	130	0

9	197	130	2
9	220	50	2


9	742	162	2



#COIN
4	500	100
4	100	150
4	150	150
4	120	100
4	140	100
4	160	100
4	180	100
4	200	100
4	220	100
4	240	100




#Platform



5	0	0	16	16	1	51001	52002	53003
5	0	16	16	16	1	51001	52002	53003
5	0	32	16	16	1	51001	52002	53003
5	0	48	16	16	1	51001	52002	53003
5	0	64	16	16	1	51001	52002	53003
5	0	80	16	16	1	51001	52002	53003
5	0	96	16	16	1	51001	52002	53003
5	0	112	16	16	1	51001	52002	53003
5	0	128	16	16	1	51001	52002	53003
5	0	144	16	16	1	51001	52002	53003
5	0	160	16	16	1	51001	52002	53003
5	0	176	16	16	1	51001	52002	53003
5	0	192	16	16	1	51001	52002	53003
5	0	208	16	16	1	51001	52002	53003


5	704	186	16	33	31	61001	62002	63003

5	0	196	16	17	44	61000	62000	63000



#plain
10	415	152	0


#green pipe
5	400	165	16	48	3	60001	60002	60003




5	1280	196	16	17	35	61000	62000	63000



#Portal 
#150	200	160	216	180	1


